8474641
8480789
8480796
8480797
8480798
8480800
8480801
8480802
8480803
8480806
8480807
8482858
8482859
8480813
8484911
8480817
8474673
8480821
8474679
8480823
8480829
8480830
8480834
8480835
8480839
8480840
8470600
8470604
8480845
8480848
8480849
8470610
8470613
8474709
8480855
8474715
8474716
8470621
8480860
8484958
8480865
8480870
8480871
8480873
8480878
8478831
8480880
8482929
8480879
8480884
8480887
8478840
8476792
8480891
8480893
8478851
8479546
8478854
8478856
8478859
8478864
8482964
8476822
8478873
8478874
8476826
8478882
8478891
8476853
8480950
8476854
8478904
8476856
8476858
8478911
8476869
8476871
8476872
8476873
8476874
8476875
8476878
8476879
8476880
8476881
8476882
8480980
8476885
8476887
8476889
8476891
8476892
8480990
8476897
8480995
8476902
8476905
8476906
8481006
8476913
8481013
8476918
8476917
8481014
8476921
8478970
8481019
8476923
8476925
8476919
8478975
8476927
8476931
8481028
8474884
8481032
8470794
8481043
8476958
8481058
8481059
8476967
8481068
8479026
8476979
8476981
8481093
8477015
8479066
8477018
8477021
8481122
8477034
8481147
8481161
8481167
8481178
8481186
8470966
8481206
8481237
8475149
8475151
8475158
8475164
8475166
8475167
8475168
8475169
8475170
8475171
8477220
8475172
8475177
8475179
8475181
8475184
8475188
8475191
8475193
8479291
8477244
8479293
8475197
8475200
8475208
8475218
8479314
8475220
8479316
8479318
8479315
8475225
8479323
8479324
8479325
8475231
8483425
8475233
8475235
8474618
8483431
8479336
8479337
8479339
8479343
8479345
8479346
8483445
8479351
8483447
8479353
8483448
8479359
8483457
8483460
8479365
8483464
8479369
8479370
8479371
8483468
8479372
8479368
8475279
8483466
8481422
8479378
8477330
8479379
8477335
8475287
8479385
8479383
8479387
8483485
8479390
8479393
8477346
8479395
8483490
8483493
8479398
8483495
8479400
8477353
8479402
8478021
8471214
8479407
8471215
8483505
8479410
8475314
8471218
8477365
8479414
8479415
8477369
8483515
8475324
8479421
8479420
8479425
8477380
8483524
8481477
8481481
8475343
8477392
8479439
8479442
8477402
8477404
8477406
8477407
8477409
8483553
8479458
8477416
8471274
8481517
8483565
8477425
8481522
8477426
8481524
8481523
8477429
8481527
8481528
8477435
8481532
8481533
8481535
8481537
8481540
8477444
8481542
8477447
8477446
8477500
8481546
8477451
8477450
8481541
8477456
8481553
8481554
8481556
8481557
8475413
8481559
8481560
8483609
8481563
8481564
8481567
8479520
8481568
8477473
8477476
8479525
8477478
8477479
8481577
8481580
8481581
8481582
8479543
8477488
8477492
8477493
8479542
8477495
8477494
8477496
8481593
8477499
8477498
8477497
8481596
8477501
8481598
8477505
8477506
8477507
8477503
8477504
8475455
8481601
8481604
8477508
8481606
8481607
8481605
8475462
8473419
8473422
8477511
8481617
8481618
8477527
8479576
8481624
8477541
8473446
8479591
8481641
8473449
8473453
8481655
8481656
8479619
8477573
8479638
8473504
8473507
8481703
8473512
8481704
8481708
8479661
8481711
8481716
8479671
8479675
8473533
8481726
8481743
8477947
8483808
8479718
8477955
8481789
8481806
8477962
8479772
8475690
8475692
8475714
8475718
8475722
8475726
8480008
8483930
8480011
8475745
8475744
8475750
8475752
8475753
8475754
8475760
8477810
8475762
8475764
8475765
8475763
8475766
8475768
8471675
8471677
8471685
8471686
8475784
8475786
8475790
8475791
8477839
8475793
8471698
8475794
8471699
8477845
8475798
8475799
8475797
8477846
8471709
8475810
8471724
8475825
8475842
8479941
8475848
8479944
8477903
8475855
8477919
8479968
8479976
8479977
8477930
8477931
8479980
8477933
8479982
8479983
8477934
8477935
8477932
8477938
8477939
8477940
8479981
8477942
8479987
8479992
8477946
8479994
8477948
8479996
8477949
8479998
8479999
8477951
8477953
8480002
8477956
8480003
8480001
8477950
8477952
8482055
8477960
8475913
8471817
8477964
8480012
8480014
8480009
8480015
8477969
8480018
8482062
8477971
8482070
8480023
8482073
8482074
8480027
8480028
8482077
8482078
8482079
8477979
8480025
8477986
8480035
8480036
8477989
8477987
8480039
8482087
8482089
8480043
8482092
8482093
8477998
8482095
8484144
8480049
8482097
8484145
8482105
8478010
8484153
8480058
8482109
8482110
8482111
8480064
8482113
8478013
8482116
8480069
8478020
8484166
8482118
8480068
8482122
8480074
8482124
8482125
8480078
8482126
8480073
8478028
8482132
8478038
8478042
8478043
8478046
8478047
8482142
8482145
8482146
8482144
8482148
8482149
8478055
8478057
8482155
8482157
8482159
8480113
8482166
8482172
8478078
8482175
8482176
8482177
8473986
8484227
8473994
8480144
8480145
8482192
8478099
8478104
8482201
8474009
8478109
8474013
8484258
8478115
8480172
8482222
8474031
8474034
8478133
8474037
8478136
8480185
8480184
8480188
8480192
8482241
8478146
8480196
8482245
8482117
8480205
8484304
8480208
8482259
8480220
8480222
8484321
8478178
8474090
8480246
8474102
8478233
8480281
8474141
8480289
8484387
8474149
8474150
8474151
8474157
8474166
8474189
8480336
8480355
8476278
8476292
8482451
8476312
8482460
8478366
8476331
8482476
8482475
8480434
8476346
8478396
8478397
8478398
8478399
8480448
8478401
8478402
8478403
8482496
8478407
8480459
8478413
8478414
8482511
8478416
8478420
8478421
8476374
8476372
8478424
8480468
8482516
8478427
8478430
8478432
8478434
8476389
8478438
8478439
8476392
8478440
8476393
8478443
8478444
8478445
8476399
8478449
8478450
8478454
8478458
8478460
8478462
8478463
8478466
8476419
8478468
8478469
8476422
8478472
8478474
8476429
8476432
8478483
8476438
8476441
8476442
8478493
8476448
8478498
8478500
8476453
8476454
8478502
8476456
8476457
8476458
8478507
8478508
8476460
8476462
8476463
8476459
8476461
8478512
8476467
8476468
8476469
8478519
8476473
8476474
8476479
8476480
8482624
8476483
8478542
8478550
8474870
8482652
8482655
8482659
8482660
8478569
8482665
8482667
8476525
8482671
8482679
8478585
8476539
8482684
8482691
8482699
8482700
8482702
8482705
8482713
8482720
8482726
8482730
8482737
8482740
8482742
8482745
8484801
8474563
8474564
8474565
8474567
8474568
8482762
8474574
8482768
8476624
8474578
8480727
8474586
8474590
8474600
8474602
8480748
8482803
8474612
8482809
8480762
